KiiWii 87 197 20 18 68 87396408198723459502349875941234598754134598349403450987960
Angus 32 37 30 9 35 cars
Chahine 0 0 0 0 5436 -1
Michael 13 123 432 40 413 1230291380912830128301283091283234
Fililp 10 3 56 0 1505 5485834098523940583409583409583423
Guest1 1467 21 456 340 790 4387503982475092387459083247592244
cib0o 12 42 1342 2 642345 -1
holly 0 0 0 0 0 -1
xqc 213 543 123 345 30 taskship10shit20fuck01cuck01cunt10
lmnop 12 4 32 34 56 -1
poopy 0 0 0 0 0 -1
kiiiwii 0 0 0 0 0 -1 
kiiwii# 0 0 0 0 0 -1 
kiiwii] 0 0 0 0 0 -1
testPlayer 0 0 0 0 0 -1
SecondTest 0 0 0 0 0 -1
